0.0
0.25
0.0
0.0
0.0
0.4444444444444444
0.0
0.0
0.25
0.0
0.0
0.0
0.0
0.0
0.0
0.08108108108108109
0.0
0.0
0.0
0.0
0.0
0.0
0.0
0.0
0.4482758620689655
0.2222222222222222
0.4
0.20754716981132076
0.0
0.0625
0.21052631578947367
0.0
0.0
0.2
0.6
0.0
0.0
0.0
0.0
0.0
0.0
0.0
0.0
0.16666666666666666
0.16666666666666666
0.0
0.0
0.0
0.0
0.0
0.0
0.0
0.0
0.0
0.0
0.0
0.0
0.0
0.0
0.0
0.0
0.041666666666666664
0.0
0.0
0.0
0.0
0.0
0.0
0.0
0.0
0.0
0.0
0.2916666666666667
0.0
0.0
0.0
0.04
0.05263157894736842
0.18181818181818182
0.10526315789473684
0.15
0.0
0.0
0.3
0.0
0.0
0.0
0.15384615384615385
0.2
0.0
0.0
0.0
0.0
0.0
0.0
0.13043478260869565
0.6666666666666666
0.0
0.0
0.0
0.0
0.0
0.0
0.0
0.0
0.5714285714285714
0.5
0.4166666666666667
0.5
0.0
0.2
0.2
0.375
0.0
0.3333333333333333
0.0
0.0
0.0
0.0
0.0
0.0
0.0
0.0
0.15384615384615385
0.0
0.0
0.0
0.75
0.2222222222222222
0.0
0.029411764705882353
0.05555555555555555
0.0
0.07142857142857142
0.0
0.0
0.234375
0.0
0.0
0.0
0.0
0.18181818181818182
0.0
0.3
0.0
0.0
0.0
0.0
0.0
0.0
0.0
0.0
0.0
0.0
0.0
0.0
0.0
0.0
0.0
0.6785714285714286
0.0
0.0
0.0
0.0
0.0
0.0
0.4
0.0
0.0
0.0
0.5
0.0
0.0
0.0
0.0
0.0
0.0
0.0
0.0
0.0
0.0
0.0
0.0
0.25
0.0
0.3333333333333333
0.0
0.0
0.0
0.0
0.0
0.0
0.0
0.0
0.0
0.0
0.09090909090909091
0.0
0.14285714285714285
0.0
0.0
0.0
0.0
0.0
0.0
0.0
0.0
0.0
0.0
0.0
0.3333333333333333
0.6666666666666666
0.0
0.6666666666666666
0.0
0.0
0.0
0.0
0.0
0.0
0.0
0.0
0.3333333333333333
0.0
0.0
0.6666666666666666
0.0
0.0
0.0
0.0
0.0
0.0
0.0
0.0
0.0
0.0
0.0
0.0
0.0
0.0
0.0
0.0
0.0
0.0
0.5
0.0
0.0
0.1875
0.0
0.0
0.1875
0.2631578947368421
0.3333333333333333
0.5
0.5
0.0
0.0
0.0
0.0
0.0
0.0
0.0
0.0
0.0
0.0
0.0
0.0
0.0
0.0
0.0
0.0
0.2
0.0
0.0
0.0
0.0
0.0
0.0
0.0
0.0
0.0
0.0
0.0
0.0
0.0
0.0
0.42857142857142855
0.0
0.0
0.0
0.0
0.0
0.0
0.2
0.0
0.0
0.05
0.058823529411764705
0.3
0.047619047619047616
0.0
0.0
0.0
0.4
0.0
0.0
0.0
0.16666666666666666
0.0
0.18181818181818182
0.29411764705882354
0.16666666666666666
0.38461538461538464
0.21428571428571427
0.06666666666666667
0.36363636363636365
0.35714285714285715
0.4
0.35714285714285715
0.4
0.23529411764705882
0.4
0.21052631578947367
0.15384615384615385
0.0
0.0
0.0
0.0
0.0
0.0
0.0
0.0
0.14705882352941177
0.125
0.11428571428571428
0.0
0.0
0.0
0.0
0.05
0.05263157894736842
0.05263157894736842
0.043478260869565216
0.17391304347826086
0.0
0.0
0.0
0.0
0.0
0.11764705882352941
0.0
0.0
0.0
0.0
0.0
0.0
0.0
0.0
0.034482758620689655
0.0
0.0
0.0
0.0
0.05555555555555555
0.0
0.0
0.0
0.0
0.0
0.0
0.0
0.0
0.4375
0.0
0.0
0.0
0.55
0.0
0.18181818181818182
0.0
0.2777777777777778
0.09090909090909091
0.38095238095238093
0.05555555555555555
0.0625
0.05555555555555555
0.07407407407407407
0.05714285714285714
0.0
0.0
0.0
0.6666666666666666
0.18181818181818182
0.06666666666666667
0.5833333333333334
0.0
0.0
0.0
0.17857142857142858
0.0
0.07692307692307693
0.07142857142857142
0.0
0.0
0.0
0.0
0.0
0.0
0.0
0.0
