0.12413793103448276
0.05172413793103448
0.06060606060606061
0.06440677966101695
0.08888888888888889
0.08465608465608465
0.012295081967213115
0.08275862068965517
0.022556390977443608
0.04861111111111111
0.03592814371257485
0.11009174311926606
0.024793388429752067
0.0625
0.11418685121107267
0.12
0.17289719626168223
0.21428571428571427
0.22413793103448276
0.010752688172043012
0.018292682926829267
0.04242424242424243
0.06896551724137931
0.0390625
0.08547008547008547
0.049586776859504134
0.1532258064516129
0.018518518518518517
0.05
0.059602649006622516
0.04819277108433735
0.1651376146788991
0.07480314960629922
0.0319634703196347
0.10069444444444445
0.058823529411764705
0.16363636363636364
0.1984732824427481
0.234375
0.047619047619047616
0.09523809523809523
0.009433962264150943
0.0
0.0364963503649635
0.14
0.05333333333333334
0.06435643564356436
0.06043956043956044
0.050505050505050504
0.050359712230215826
0.011764705882352941
0.125
0.03225806451612903
0.05113636363636364
0.13533834586466165
0.029850746268656716
0.06222222222222222
0.06395348837209303
0.05357142857142857
0.021739130434782608
0.013071895424836602
0.20253164556962025
0.029411764705882353
0.14917127071823205
0.09142857142857143
0.14349775784753363
0.04918032786885246
0.10091743119266056
0.17266187050359713
0.11855670103092783
0.19708029197080293
0.15025906735751296
0.21348314606741572
0.08695652173913043
0.14906832298136646
0.13450292397660818
0.19858156028368795
0.049689440993788817
0.08333333333333333
0.06315789473684211
0.11450381679389313
0.060085836909871244
0.1977401129943503
0.01818181818181818
0.02666666666666667
0.22926829268292684
0.015384615384615385
0.12264150943396226
0.08646616541353383
0.045454545454545456
0.051643192488262914
0.03278688524590164
0.04526748971193416
0.04225352112676056
0.175
0.10887096774193548
0.0593607305936073
0.03333333333333333
0.16201117318435754
0.04819277108433735
0.058823529411764705
0.3225806451612903
0.1780821917808219
0.14285714285714285
0.05844155844155844
0.019417475728155338
0.05434782608695652
0.03597122302158273
0.07272727272727272
0.07766990291262135
0.12
0.0
0.23308270676691728
0.15333333333333332
0.10869565217391304
0.09032258064516129
0.07317073170731707
0.05747126436781609
0.14173228346456693
0.12345679012345678
0.10638297872340426
0.1
0.18518518518518517
0.11764705882352941
0.06060606060606061
0.06818181818181818
0.5222929936305732
0.013157894736842105
0.0
0.07339449541284404
0.06766917293233082
0.07476635514018691
0.07792207792207792
0.08917197452229299
0.10747663551401869
0.09210526315789473
0.02577319587628866
0.014184397163120567
0.27385892116182575
0.0
0.13380281690140844
0.024691358024691357
0.102803738317757
0.11450381679389313
0.053763440860215055
0.16521739130434782
0.09009009009009009
0.05921052631578947
0.22377622377622378
