0.25
0.75
0.6666666666666666
0.0
0.0
0.6666666666666666
0.25
0.0
0.5
0.0
0.2
0.2222222222222222
0.0
0.5
0.0
0.3783783783783784
0.0
0.18181818181818182
0.0
0.9375
0.5
0.2857142857142857
0.0
0.125
0.8620689655172413
0.5925925925925926
0.4666666666666667
0.7358490566037735
0.0
0.1875
0.21052631578947367
0.3333333333333333
0.0
1.0
1.0
0.0
0.0
0.0
0.0
0.1
0.0
0.8
0.0
0.6666666666666666
0.8333333333333334
0.0
0.0
0.4
1.0
0.0
1.0
0.0
0.0
0.3888888888888889
0.25
0.8
1.0
0.25
1.0
0.6666666666666666
0.6666666666666666
0.375
0.0
1.0
0.0
0.6666666666666666
0.7222222222222222
0.3333333333333333
0.05263157894736842
0.07142857142857142
0.0
0.3
0.625
0.14285714285714285
0.125
0.7777777777777778
0.2
0.5789473684210527
0.7575757575757576
0.5789473684210527
0.6
0.0
0.4
0.3
0.09090909090909091
0.7777777777777778
0.3333333333333333
0.46153846153846156
0.2
1.0
0.0
1.0
0.0
0.4
0.0
0.6521739130434783
0.0
0.2727272727272727
0.25
0.0
0.0
0.0
0.0
1.0
0.34285714285714286
0.8571428571428571
0.8333333333333334
0.8333333333333334
0.5
0.0
0.75
0.2
0.9375
0.22727272727272727
1.0
0.875
1.0
0.42857142857142855
0.0
0.0
0.0
0.2
0.0
0.6923076923076923
0.0
0.18181818181818182
0.6666666666666666
0.75
0.4444444444444444
0.625
0.5
0.1111111111111111
0.5
0.9285714285714286
0.16666666666666666
0.5833333333333334
0.5625
0.14285714285714285
0.7
0.3333333333333333
0.0
0.6363636363636364
1.0
0.5
0.0
0.0
0.0
0.42857142857142855
0.0
0.0
0.0
0.0
0.0
0.0
0.0
0.0
0.0
0.0
0.5714285714285714
0.8928571428571429
0.5
0.0
0.25
0.0
1.0
0.5
0.8
0.0
0.0
0.0
0.0
0.45
0.05555555555555555
0.0
0.0
0.0
0.0
0.5454545454545454
0.0
0.0
0.3333333333333333
1.0
1.0
1.0
0.0
1.0
0.0
0.0
0.0
0.0
0.0
0.0
0.0
0.0
0.0
0.25
0.0
0.0
0.2857142857142857
0.0
1.0
1.0
0.0
0.0
0.0
0.0
0.16666666666666666
0.0
0.1
0.0
1.0
0.6666666666666666
0.6
1.0
0.6
0.3548387096774194
0.35294117647058826
0.23076923076923078
0.0
0.0
0.4
0.75
0.6
0.0
0.0
0.6666666666666666
0.25
0.1111111111111111
0.0
0.0
0.0
0.1111111111111111
0.0
0.0
0.0
0.0
0.2
0.0
0.5714285714285714
0.14285714285714285
0.0
0.0
1.0
0.2222222222222222
0.8333333333333334
0.0
0.2
0.6875
0.05
0.07692307692307693
0.8125
0.7894736842105263
0.7333333333333333
0.75
1.0
0.0
0.0
0.0
0.0
0.0
0.0
0.0
0.0
0.25
0.0
0.0
0.5454545454545454
0.0
0.0
0.0
0.75
0.3333333333333333
0.5833333333333334
1.0
0.2857142857142857
0.16666666666666666
0.038461538461538464
0.0
0.0
0.3333333333333333
0.0
0.3333333333333333
0.0
0.0
0.3333333333333333
0.0
0.5714285714285714
0.4166666666666667
0.0
0.0
0.0
0.0
0.0
0.0
0.0
0.3333333333333333
0.65
0.21568627450980393
0.8
0.47619047619047616
0.4
0.14285714285714285
0.06666666666666667
0.6
0.8
0.25
0.5
0.3333333333333333
0.36363636363636365
0.5294117647058824
0.5
0.6923076923076923
0.5
0.5333333333333333
0.5454545454545454
0.6428571428571429
0.7333333333333333
0.6428571428571429
0.7333333333333333
0.5294117647058824
0.6666666666666666
0.5263157894736842
0.6923076923076923
0.0
0.4
0.0
0.25
0.3076923076923077
0.5454545454545454
0.0
0.6666666666666666
0.8235294117647058
0.55
0.8
0.0
0.0
0.9
0.6842105263157895
0.043478260869565216
0.6086956521739131
0.0
0.0
0.0
0.0
0.35294117647058826
0.2
0.22727272727272727
0.0
0.42857142857142855
0.23076923076923078
0.2857142857142857
0.5
1.0
0.06896551724137931
1.0
0.25
0.14285714285714285
0.2222222222222222
0.42857142857142855
0.0
0.0
0.8
0.0
0.3
0.0
0.0
0.4375
0.2727272727272727
0.0
0.0
0.8181818181818182
0.4
0.7222222222222222
0.8181818181818182
0.7142857142857143
0.7777777777777778
0.625
0.6666666666666666
0.3333333333333333
0.08571428571428572
0.6
0.6470588235294118
0.0
0.0
0.2727272727272727
0.5333333333333333
1.0
0.3333333333333333
0.0
0.42857142857142855
0.46153846153846156
0.0
0.07142857142857142
0.0
0.7142857142857143
0.2857142857142857
0.0
0.8333333333333334
0.4
0.0
