0.5724137931034483
0.46551724137931033
0.5606060606060606
0.43389830508474575
0.26666666666666666
0.42857142857142855
0.3155737704918033
0.5793103448275863
0.10526315789473684
0.3402777777777778
0.3652694610778443
0.39908256880733944
0.6776859504132231
0.4583333333333333
0.6678200692041523
0.59
0.35514018691588783
0.6507936507936508
0.5474137931034483
0.3870967741935484
0.4024390243902439
0.6606060606060606
0.7011494252873564
0.53125
0.6495726495726496
0.5702479338842975
0.3951612903225806
0.5555555555555556
0.675
0.48344370860927155
0.43373493975903615
0.536697247706422
0.3858267716535433
0.3378995433789954
0.4444444444444444
0.5588235294117647
0.7636363636363637
0.7251908396946565
0.765625
0.5619047619047619
0.6309523809523809
0.5566037735849056
0.782608695652174
0.6058394160583942
0.62
0.6488888888888888
0.2623762376237624
0.44505494505494503
0.5454545454545454
0.28776978417266186
0.2235294117647059
0.375
0.1774193548387097
0.6136363636363636
0.47368421052631576
0.5447761194029851
0.5022222222222222
0.4127906976744186
0.47619047619047616
0.21739130434782608
0.5228758169934641
0.7341772151898734
0.7647058823529411
0.22099447513812154
0.4685714285714286
0.4439461883408072
0.45901639344262296
0.3669724770642202
0.7985611510791367
0.4175257731958763
0.635036496350365
0.44559585492227977
0.5280898876404494
0.391304347826087
0.32298136645962733
0.2807017543859649
0.574468085106383
0.37267080745341613
0.5
0.3263157894736842
0.6183206106870229
0.4678111587982833
0.8022598870056498
0.5272727272727272
0.48
0.7317073170731707
0.3230769230769231
0.6226415094339622
0.6127819548872181
0.5
0.5446009389671361
0.6721311475409836
0.14814814814814814
0.29577464788732394
0.45
0.7580645161290323
0.3287671232876712
0.4666666666666667
0.6815642458100558
0.39759036144578314
0.5966386554621849
0.8548387096774194
0.6301369863013698
0.658008658008658
0.461038961038961
0.24757281553398058
0.33152173913043476
0.4172661870503597
0.2909090909090909
0.32038834951456313
0.648
0.5675675675675675
0.5939849624060151
0.6133333333333333
0.7717391304347826
0.7870967741935484
0.4975609756097561
0.632183908045977
0.3779527559055118
0.7037037037037037
0.3829787234042553
0.35
0.4074074074074074
0.4485294117647059
0.5555555555555556
0.6363636363636364
0.802547770700637
0.5
0.4811320754716981
0.6055045871559633
0.7518796992481203
0.5607476635514018
0.33766233766233766
0.6496815286624203
0.48598130841121495
0.6052631578947368
0.4948453608247423
0.5673758865248227
0.8049792531120332
0.45454545454545453
0.6267605633802817
0.5185185185185185
0.6822429906542056
0.5648854961832062
0.6236559139784946
0.5565217391304348
0.6666666666666666
0.3815789473684211
0.5804195804195804
0.6413793103448275
0.47413793103448276
0.3409090909090909
0.39661016949152544
0.18888888888888888
0.49206349206349204
0.22131147540983606
0.6137931034482759
0.07518796992481203
0.4305555555555556
0.25149700598802394
0.5045871559633027
0.6033057851239669
0.4895833333333333
0.5743944636678201
0.64
0.3411214953271028
0.5714285714285714
0.5689655172413793
0.34408602150537637
0.38414634146341464
0.7212121212121212
0.7816091954022989
0.4296875
0.6153846153846154
0.32644628099173556
0.3387096774193548
0.49074074074074076
0.625
0.5099337748344371
0.40963855421686746
0.5275229357798165
0.37401574803149606
0.3378995433789954
0.4201388888888889
0.5
0.7090909090909091
0.732824427480916
0.71875
0.5238095238095238
0.5238095238095238
0.44339622641509435
0.10869565217391304
0.6642335766423357
0.6333333333333333
0.6133333333333333
0.1782178217821782
0.4010989010989011
0.43434343434343436
0.07913669064748201
0.25882352941176473
0.3173076923076923
0.16129032258064516
0.6306818181818182
0.5112781954887218
0.4925373134328358
0.4222222222222222
0.4186046511627907
0.4583333333333333
0.2391304347826087
0.41830065359477125
0.759493670886076
0.6323529411764706
0.08287292817679558
0.07428571428571429
0.35874439461883406
0.4262295081967213
0.3211009174311927
0.8057553956834532
0.3711340206185567
0.5985401459854015
0.37823834196891193
0.3539325842696629
0.44565217391304346
0.3416149068322981
0.09941520467836257
0.6099290780141844
0.32298136645962733
0.5833333333333334
0.3368421052631579
0.5648854961832062
0.3133047210300429
0.8926553672316384
0.2909090909090909
0.47333333333333333
0.7073170731707317
0.20923076923076922
0.6698113207547169
0.5639097744360902
0.5757575757575758
0.3615023474178404
0.6885245901639344
0.07407407407407407
0.352112676056338
0.42916666666666664
0.7258064516129032
0.3105022831050228
0.41904761904761906
0.6703910614525139
0.5301204819277109
0.5210084033613446
0.9354838709677419
0.6164383561643836
0.645021645021645
0.05194805194805195
0.07281553398058252
0.21739130434782608
0.38848920863309355
0.35454545454545455
0.2621359223300971
0.608
0.35135135135135137
0.5112781954887218
0.6733333333333333
0.8152173913043478
0.7741935483870968
0.43902439024390244
0.3793103448275862
0.468503937007874
0.6049382716049383
0.48936170212765956
0.42
0.5277777777777778
0.5
0.5959595959595959
0.6818181818181818
0.8089171974522293
0.5263157894736842
0.42452830188679247
0.6146788990825688
0.6842105263157895
0.5794392523364486
0.33766233766233766
0.6369426751592356
0.48130841121495327
0.5
0.36082474226804123
0.5957446808510638
0.8132780082987552
0.44155844155844154
0.6549295774647887
0.4567901234567901
0.6635514018691588
0.6030534351145038
0.6989247311827957
0.4782608695652174
0.6666666666666666
0.3026315789473684
0.5734265734265734
